>19 02 0c
FF
21 22 00 27
21 35 00 27
02 22 00 27
21 37 00 27
01 93 12 AF
00 30 00 27
06 11 49 27
02 38 12 27
22 7D 12 27
22 2D 12 27

>14 ff ff ff
7E8 03 7F 14 78
7E8 01 54

>19 02 0c
7E8 10 2B 59 02 FF
C0 28 86 27
21 35 00 27
02 22 00 27
21 37 00 27
06 11 49 27
22 7D 12 27
22 2D 12 27
00 7D 12 27
01 83 12 27
C1 55 00 27











>atsh7e0
OK

>atcra7e8
OK

>280101
7E8 03 7F 28 7F

>1003
7E8 06 50 03 00 32 00 C8

>280101
7E8 02 68 01

>8502
7E8 03 7F 85 7F

>1003
7E8 06 50 03 00 32 00 C8

>8502
7E8 02 C5 02

>8501
7E8 02 C5 01

>8500
7E8 03 7F 85 12

>8500
7E8 03 7F 85 7F

>ELM327 v2.1


FATAL: read zero bytes from port